EPISODE	TIME_ELAPSED	TOTAL_REWARD
0	4060	-149.74132441385558
1	1877	-101.39265886974788
2	1371	-180.17313761669118
3	6320	473.88921748815335
4	2073	-338.06810379662903
5	2865	-172.0599017270722
6	1800	-288.0255836221952
7	1970	-253.23295805030216
8	1453	-87.33466089587651
9	8010	297.45754105724666
10	1467	-250.32588175990725
11	1404	-164.67750296701314
12	2015	-293.7141157431196
13	5254	-279.54301080688174
14	2238	-209.46882871049678
15	2169	-303.72818346481495
16	2155	-239.56784087639912
17	1706	-258.91947802367787
18	2162	-399.4823790025937
19	8011	168.36315798887614
20	1996	-252.9784352442677
21	1275	-254.57503994726108
22	2113	-335.34771232079413
23	1815	-256.0110404339735
24	1609	-136.69594284119225
25	2617	-159.96650454948676
26	1444	-264.7262707455957
27	1152	-164.49495904302375
28	2254	-260.07234041003414
29	1872	-89.55782328905482
30	1723	-195.6587736491896
31	2063	-290.74633625589604
32	1490	-23.595927918012762
33	2159	-227.4414563805876
34	1752	-296.32755173656585
35	3025	-101.9837011922068
36	1480	-302.6905948617559
37	2276	-313.62998461805546
38	1902	-340.40842091863476
39	1815	-172.58680289382852
40	3611	-333.73481326301805
41	1929	-352.9727205057999
42	1480	-266.521068054824
43	1386	0.7932557590565352
44	1566	-43.18368015951978
45	1189	-86.07051954725478
46	1787	-141.17031067304328
47	1943	-189.70916491628412
48	2020	-25.130225593313128
49	2082	-324.94395946221937
50	1221	5.036453319516625
51	1487	-232.02027665743626
52	5063	-306.922182558562
53	1792	-255.29062950940948
54	8014	288.0184393493064
55	1907	-339.2159371192844
56	1251	-196.12000437304965
57	1440	-42.45747981904202
58	1636	-312.7964156327165
59	3821	-352.5095623215112
60	1683	-293.84445252876407
61	2526	-250.58432103752696
62	6357	493.1039262233859
63	1500	-226.93298851609916
64	3971	406.0425891358078
65	8014	124.04367192425883
66	1476	-349.22688168527407
67	2337	-109.25426661535634
68	1959	-394.1507518608499
69	8002	204.1594321496139
70	2036	47.04506402482295
71	2082	-241.67108594922195
72	8010	336.965683644263
73	2517	-262.23102415280584
74	1567	-76.98296198532736
75	4899	457.1043844396953
76	1545	11.464864297544523
77	1273	-302.86642300398705
78	2694	-252.06883853345684
79	2308	-151.6621215620523
80	1736	-231.41897089929694
81	2252	-280.6985390153895
82	8010	283.10201495678524
83	8011	171.7629295567945
84	1474	-159.76103707435178
85	1935	-103.20345993294332
86	1560	165.11053824786012
87	8004	179.69519895909607
88	3724	-163.3912889197746
89	1328	184.9537872185255
90	1824	-171.65542860897665
91	2498	-103.52587259666716
92	1476	-207.34731508353948
93	1486	-233.56761860547806
94	1862	-322.96831511033315
95	8003	230.10888748478328
96	2569	-162.90597092347804
97	1448	-177.05691103637545
98	2168	-311.90778189620767
99	1932	170.07164423742222
100	1582	-250.77791549139442
101	1509	-321.88008458142707
102	1667	-261.63650396081295
103	1395	-266.20837628780043
104	8002	219.03716965933356
105	1688	-240.87931928672614
106	8006	272.37188999754034
107	7780	-386.7852059873001
108	2197	-150.75932657962198
109	1124	-84.97768428027875
110	1860	-43.82532653632859
111	1897	-265.4927992703271
112	8001	161.54877264406463
113	1325	-148.8476338627607
114	2175	-306.85175152213253
115	2282	-42.511275545278835
116	1445	-252.84088186920278
117	2428	-283.5670053843576
118	8021	119.01212760424059
119	2001	-301.8378066962311
120	1771	-284.79798809739094
121	1868	-312.15073109175796
122	2061	-17.844661528941714
123	8000	193.46192521151133
124	2679	467.0144166868776
125	1812	-204.9897239010403
126	1353	-118.01016601690513
127	2056	258.11496261423457
128	1421	-373.3444841651278
129	1284	-7.969024278566849
130	8015	180.103884427792
131	1103	-281.34519945703715
132	8008	226.20773340857306
133	1371	-264.7765240943661
134	1790	-168.5256210338053
135	8056	274.0100749891959
136	8001	154.35649727895122
137	5858	-234.07893041898132
138	1612	-50.42890969549825
139	1780	-92.40781158611868
140	8001	240.640714307684
141	2208	361.3833911309018
142	2857	-198.6987246978801
143	8000	369.6714087067343
144	1213	-141.82812995997404
145	1871	-9.63572078372593
146	8004	342.6245839869533
147	1787	185.31413095526455
148	8001	98.18741984924397
149	2172	-141.45292501543096
150	8009	212.07595203841365
151	1853	-288.1410689035111
152	1825	-232.93362706053904
153	8004	209.60985528221633
154	2109	-353.1983119930827
155	1588	-210.6188797047332
156	1586	-302.0631927530421
157	8010	281.4399234519756
158	8000	398.3382582701082
159	5922	-186.60017241203076
160	1264	-133.69846262678809
161	1433	-28.684229516961466
162	2357	160.5372318763139
163	1836	-349.4032674747096
164	8013	126.06290256391891
165	2274	415.08023439592233
166	1296	-299.2002958331257
167	1762	-144.07785551438425
168	8014	73.06009419615725
169	1747	-10.658816894566911
170	2395	-25.14253933729327
171	8009	132.73014781039404
172	1558	-264.02066442277675
173	1516	-282.5890125292017
174	1521	-294.86609610509674
175	1928	-175.5950944166049
176	4178	-357.5937676337007
177	1173	-105.3340143220841
178	2216	405.37043088445455
179	2885	17.30356118856821
180	1623	-284.96718408926
181	1945	-19.59154080135164
182	5066	-271.37095002363884
183	1481	-44.528385995422155
184	1822	-138.2041793748748
185	1757	-271.0838599552363
186	1286	-151.95112282016896
187	1826	-294.71107043160714
188	1338	425.6723590083912
189	1260	-192.91653738052992
190	1347	191.68646238472397
191	2416	331.44073341934677
192	1497	-1.40950347074849
193	8018	256.5044992457633
194	8007	260.37144891722096
195	1478	-255.37992970444373
196	1501	-215.93338130064694
197	8000	328.3710282639322
198	8016	151.32203258145336
199	8011	246.66418097528762
200	1338	-324.08694659331167
201	1732	393.9403856843828
202	1629	216.28014446347746
203	2291	270.391157750244
204	1296	221.64731533489726
205	1964	207.16732743980674
206	1798	-3.641354379505742
207	1956	-248.28304569017357
208	2225	-304.3323742457582
209	8000	105.04240907755852
210	1989	-216.25189249455016
211	1421	192.00080183721892
212	2610	-242.52449166421215
213	2239	417.9485310580626
214	8015	-61.04023751569579
215	1774	455.9777255630556
216	1617	-178.4870747775688
217	2395	470.4130602053249
218	2224	-164.3611647722509
219	2255	403.9677541675434
220	1793	-241.42809825266554
221	8011	118.61778544776132
222	2059	-232.78789608541484
223	1455	-179.13587811443608
224	8009	191.43546828097752
225	1729	-151.45782003442423
226	2000	-317.3465967910455
227	1898	521.4543173572818
228	1520	-90.30315838791665
229	2101	-218.835345942563
230	1347	-92.78790959470791
231	2465	-115.09093918054585
232	3061	-141.66563752808287
233	8012	166.08765115790237
234	1653	-246.00469263965073
235	2415	-437.1284211947175
236	2824	-206.20933862150974
237	8008	167.38099843957056
238	8012	203.35679487895936
239	1480	-327.79171701353414
240	8016	334.79364585725193
241	2167	-225.42261877945464
242	8000	152.40958366235083
243	7028	-171.94694335830613
244	2256	-112.22664236502354
245	2023	-80.43559286127592
246	1687	-33.4845158270102
247	1937	-246.30773040573274
248	8003	169.21326929514643
249	8009	265.0002026889163
250	2442	386.8409278190395
251	8006	279.74537508632335
252	1732	-77.85580408469808
253	1321	-109.5878791222799
254	5991	409.0798692710748
255	4632	565.6506424028485
256	1667	-14.380439051080032
257	4878	-231.39792966851218
258	1286	-200.59898008002386
259	8006	220.22758928982583
260	4298	517.6282195587077
261	1454	-102.42046758162373
262	8016	147.69529847258696
263	8013	331.9736433554981
264	8011	197.07972900152592
265	8010	186.67933118980483
266	1514	-113.26511483405213
267	8014	230.28144905910133
268	1418	-171.01399159643282
269	1672	-122.3061818796314
270	1284	-236.96263652738534
271	8010	112.94340476219544
272	2011	-210.75605048979662
273	1658	-236.3924943646008
274	1623	-221.88394976887693
275	8007	190.02429558193558
276	5986	475.20132678495656
277	1455	-37.66043887193038
278	2194	-148.86497251535172
279	8010	167.56480402190797
280	5273	414.1926700647016
281	5076	465.4899064141348
282	4021	456.2775283622672
283	8009	250.54030057974202
284	8009	184.82313486468524
285	8016	126.74999572186384
286	2066	-126.63259875298706
287	1484	-69.53591983889774
288	1253	-32.476172008358105
289	2037	-111.39137725804768
290	8009	137.03209442873452
291	4331	555.8911283371517
292	3938	506.1979925975629
293	8011	317.1562836061586
294	1960	-5.114667637721709
295	8016	166.0894609890427
296	8015	126.68046845577749
297	2841	7.619914269465852
298	4819	-102.76995919820195
299	1796	203.71546059267638
300	8001	244.33340747204227
301	8012	197.05049182866475
302	8013	239.2055889912935
303	2657	-75.36911131505886
304	2084	-175.36589266050208
305	1885	-264.5353767952735
306	8004	285.02073672319824
307	8026	323.88969901883974
308	1865	-45.88395750629553
309	2086	482.03576568948625
310	2250	142.1921108624938
311	1979	-58.89630134970048
312	1252	-27.03209705965321
313	3149	476.83679662932104
314	8005	201.34353883979227
315	3742	-248.67101186201484
316	6166	-205.39269998868974
317	3041	-197.6680263966706
318	8017	332.50444269594345
319	1594	0.9519933428906313
320	2979	456.77542234342184
321	2153	-150.6382150561267
322	1558	-145.70732186770957
323	2449	45.818078708978845
324	8010	173.33988095713232
325	1999	-171.0763481265492
326	8007	113.27438409877024
327	2269	411.108462223357
328	1822	-233.22873704715926
329	8010	180.42150261038861
330	2443	-153.63034881240932
331	1619	-206.89629543657713
332	7502	496.4628803512661
333	8014	256.54211739748575
334	1781	-130.54096688707767
335	8109	194.7593298716355
336	1648	-55.0587756740687
337	3297	-242.72171553898107
338	2126	414.51706313607366
339	2758	-273.38547419478397
340	1603	-45.27936074432094
341	1772	-235.7666413644153
342	8005	68.09718160328546
343	8009	57.61643541660433
344	2536	-72.95401980847375
345	2267	-28.253013146063978
346	8024	138.13454016661456
347	3129	-175.2163549770198
348	8040	165.3201581812054
349	8021	92.00212806810885
350	8012	151.29101536920902
351	2756	487.67368045737857
352	4479	-147.17513671086
353	4962	418.7741775927125
354	8020	191.18738079870536
355	7065	548.0885388184452
356	4258	-104.24277675204502
357	8005	228.54224124515457
358	2355	-117.53394951446334
359	8014	100.87299481524087
360	8011	101.26331391310147
361	2071	-60.70223997433021
362	1758	-113.7309801897001
363	2098	307.1789700615756
364	1701	-42.67947399293945
365	8018	107.89873953662324
366	8002	354.4183054727797
367	3341	460.1463597537888
368	2240	-265.72728748725325
369	2227	-135.35895805518223
370	8006	329.56137187917966
371	1816	-132.5044017068842
372	8000	191.0608017750607
373	8011	273.0696566692074
374	8010	103.7468657291879
375	3296	379.65270998836377
376	3247	548.2591485886796
377	2150	-129.39449292002573
378	8011	225.4312596824102
379	8010	304.55759938492497
380	8000	157.94798392712173
381	8001	272.71641763109443
382	8005	81.42892472355616
383	8012	219.61630332453103
384	8002	152.57218046128335
385	3556	-165.57994283530599
386	1647	-40.15842069368753
387	2411	-184.87472518463977
388	1431	240.53116187609095
389	8005	231.12660657462104
390	3339	537.3276616343369
391	1825	-233.8977261213431
392	3013	210.9827587221946
393	4748	497.76730873810413
394	2633	-125.33829616217857
395	2544	-124.09855451718042
396	8022	156.92293328353355
397	1950	-80.8498406530354
398	1734	-95.10124543323712
399	4278	-292.34603929469426
400	1910	11.240824830554004
401	2458	-8.929794973876511
402	1737	-124.43951712700813
403	2446	-141.5540160147676
404	4235	451.31334027627736
405	2781	272.20818786096515
406	8008	199.9568105315793
407	8002	238.59468077520413
408	1664	37.86526353153786
409	1712	-181.10116089234043
410	8006	305.65566404857356
411	8081	225.42723486673665
412	3916	-140.7103255567875
413	8001	192.01326558657513
414	1683	277.35848451874284
415	8017	129.8801628569481
416	2566	-86.00981668011565
417	4654	541.5908368871048
418	8004	160.20600195601972
419	8019	107.32130354191732
420	1681	-209.7662657089194
421	8009	71.47827340581665
422	2130	-158.568270915117
423	8000	183.11129838278455
424	8004	124.20696094000208
425	1971	398.14661912476436
426	8003	214.5499094759028
427	4056	-226.71492223203168
428	1781	-38.74138988209546
429	8016	156.19176508053064
430	2048	443.5178424863466
431	8003	313.6100564784189
432	4469	441.4785463016841
433	6086	-242.42516646597042
434	2820	375.01518181567303
435	2927	38.15130710226404
436	2272	-8.62513541785961
437	8009	179.18383700075518
438	3168	-112.82154678637475
439	2230	-84.04004057639288
440	3264	-178.257239542623
441	8002	214.48228700432105
442	4331	-251.97523223171493
443	8088	133.32559784593602
444	2247	435.3337671043143
445	5645	-217.86075449970832
446	8006	207.59556903146913
447	8016	346.40650391776387
448	3347	417.51843039267123
449	8004	198.24090071215645
450	5791	-173.27083153598423
451	2693	527.0046860529841
452	8017	331.6017978181144
453	8002	167.69505842486055
454	8020	135.02024306516302
455	8007	176.14578656092394
456	8029	196.24977421274198
457	8018	167.95009288970758
458	8023	372.22718645906656
459	8007	256.10856295157157
460	5238	-274.3267463170507
461	2906	-153.0750684951246
462	4197	-45.608899395015584
463	2784	412.15674830430504
464	8028	265.4000338703287
465	8008	249.56548035785943
466	2431	-113.89109219766358
467	8004	275.76293384821116
468	3553	-28.102863358316995
469	4614	396.34350454411265
470	8010	156.327155330297
471	3059	-3.89858751395883
472	6270	455.91115493240693
473	8009	234.4922060713021
474	2902	322.73780754538063
475	8010	253.59302014448159
476	8009	222.45504909386563
477	2540	388.6247047056286
478	8004	285.4189629077269
479	8016	116.6807173461004
480	3372	-228.39136323593922
481	3336	-53.17533196157834
482	8000	146.77419786417659
483	8004	187.31292762933242
484	6971	431.24676337451365
485	3089	-111.14965211938873
486	8009	248.51445998936805
487	2689	-78.09252428342378
488	4145	286.6483055501361
489	8004	228.38140125457255
490	8006	274.75333348491387
491	8004	109.67080874384637
492	8005	195.38911396297533
493	2401	358.7629175236986
494	4044	504.800861709611
495	8005	267.2175175895814
496	5283	552.3132670189653
497	8014	209.79869901780225
498	1825	331.3102365635822
499	8010	160.00113962615364
500	2253	316.05890006330935
501	8003	141.30568557577172
502	3767	-186.37320185378243
503	7779	-123.93369568263702
504	8004	93.23500023056748
505	4063	451.8884445646008
506	8006	241.06833604102937
507	8015	180.27765757290993
508	8000	85.98983539183199
509	4012	444.7624052488419
510	4250	355.79691610165776
511	5189	452.4656428173116
512	3542	-252.39233803509552
513	3373	381.6688612701465
514	5128	332.0733638480733
515	2522	259.928757888495
516	5105	430.31666841030534
517	3398	-250.06747103322996
518	8004	70.14372031332077
519	4982	-312.0962806387571
520	2182	222.548764797017
521	4915	-396.4081303722928
522	3007	-339.5522349646076
523	6532	-319.5644187104439
524	6693	-268.2360877705914
525	5458	-271.2778223783574
526	2875	386.2008200078672
527	3033	-250.89874002466763
528	8009	70.27493143078362
529	8015	170.06892463350803
530	4630	-192.21295079159248
531	5734	404.86779145726746
532	8010	151.96439032124434
533	4116	417.3043244999814
534	6525	-110.94559253948367
535	8009	165.88306099385858
536	8018	294.87752174233657
537	8016	202.2629790319912
538	8012	48.312614318118875
539	8006	282.97323389938487
540	3176	-101.64118619573523
541	3328	328.4636468393716
542	8011	134.85262747000223
543	5005	474.64688987278464
544	8013	144.77583206309396
545	8005	286.95447997642106
546	8012	321.01626355258185
547	3032	55.4354583454635
548	3586	-16.014565813730826
549	4488	456.14600117179657
550	1665	-78.55391982076397
551	4357	488.40493926577636
552	1958	342.52578755067645
553	6270	540.0829410649153
554	8008	151.2579729231615
555	8006	151.6982165680029
556	8010	262.9969230204469
557	2766	451.48388539724704
558	8000	202.42248171935654
559	5602	362.02697387057697
560	3985	445.511110626301
561	8002	-139.84847386868915
562	8012	221.29032428226427
563	2893	444.58897517011894
564	8012	256.1366500561273
565	2239	-175.03548457749054
566	8007	213.05204568144018
567	4762	434.04367273248386
568	4423	3.626990683214217
569	1946	-0.4807804311735424
570	8008	242.89036789883372
571	8006	228.47397460791646
572	8015	252.07545880773827
573	8015	180.7693995045081
574	3215	-73.5795727206386
575	8001	79.83798429769114
576	2206	-77.15582095208374
577	4496	-164.08851144833125
578	8000	210.47048324397153
579	8007	140.7065049696712
